# TAMU-AERO402 - Airplane
# Test 1620 Run   11
# Theta Sweep - ATLAS_Static - Static Tare True
# XML - ae9f7cd950b182744153b8d704b33336
# Reduction Date - 2016.11.15	07:51
#
#
#   Point      Qact      Uact          Pt          Ps        Baro        Temp         Phi       Theta         Psi       Alpha        Beta       Gamma          CD          CY          CL          Cl          Cm          Cn         CAB         CYB         CNB         ClB         CmB         CnB
#       -     [psf]    [ft/s]       [psf]       [psf]       [psf]       [deg]       [deg]       [deg]       [deg]       [deg]       [deg]       [deg]     [sq.ft]     [sq.ft]     [sq.ft]     [cu.ft]     [cu.ft]     [cu.ft]     [sq.ft]     [sq.ft]     [sq.ft]     [cu.ft]     [cu.ft]     [cu.ft]
        0      1.00      29.7       0.456       0.078    2098.570      79.227       0.000       0.002      -0.000      -0.103       0.004      -0.007       0.028      -0.182      -0.230       0.033       0.046      -0.005       0.028      -0.182      -0.230       0.033       0.046      -0.005
        1      1.00      29.7       0.448       0.072    2098.580      79.263       0.000       0.002      -0.000      -0.101       0.000       0.007       0.054       0.128       0.020       0.056      -0.046      -0.037       0.054       0.128       0.020       0.056      -0.046      -0.038
        2      1.00      29.7       0.470       0.088    2098.560      79.244       0.000      -5.998      -0.000      -6.101       0.005      -0.011       0.018      -0.288      -0.020       0.034      -0.005       0.001       0.016      -0.288      -0.021       0.034      -0.005      -0.003
        3      1.00      29.7       0.463       0.082    2098.530      79.192       0.000      -4.998      -0.000      -5.100       0.003      -0.002      -0.009      -0.128       0.085       0.068      -0.007      -0.008      -0.001      -0.128       0.086       0.067      -0.007      -0.014
        4      1.00      29.7       0.479       0.097    2098.530      79.172       0.000      -3.998      -0.000      -4.102       0.000       0.009       0.051       0.162      -0.142       0.063      -0.013       0.031       0.041       0.162      -0.146       0.065      -0.013       0.026
        5      1.00      29.7       0.480       0.091    2098.530      79.185      -0.003      -2.998      -0.000      -3.099      -0.001       0.010      -0.017       0.247       0.246       0.062      -0.022      -0.026      -0.004       0.247       0.246       0.061      -0.022      -0.030
        6      1.00      29.7       0.469       0.085    2098.520      79.198       0.000      -1.998      -0.000      -2.100       0.003      -0.001      -0.019      -0.081       0.115       0.058       0.030      -0.052      -0.015      -0.081       0.115       0.056       0.030      -0.054
        7      1.00      29.7       0.468       0.090    2098.500      79.243       0.000      -0.998      -0.000      -1.102       0.005      -0.009      -0.019      -0.306      -0.120       0.066       0.022      -0.031      -0.022      -0.306      -0.119       0.066       0.022      -0.033
        8      1.00      29.7       0.475       0.090    2098.510      79.243       0.000       0.002      -0.000      -0.101       0.003      -0.001      -0.006      -0.090      -0.019       0.054      -0.006       0.002      -0.006      -0.090      -0.019       0.054      -0.006       0.002
        9      1.00      29.7       0.474       0.086    2098.510      79.215       0.000       1.002      -0.000       0.898      -0.001       0.012      -0.052       0.246      -0.098       0.050       0.050      -0.005      -0.050       0.246      -0.098       0.050       0.050      -0.004
       10      1.00      29.7       0.478       0.086    2098.480      79.237      -0.003       2.002      -0.000       1.898       0.005      -0.014      -0.006      -0.310      -0.068       0.029       0.044      -0.027      -0.004      -0.310      -0.068       0.030       0.044      -0.026
       11      1.00      29.7       0.476       0.078    2098.480      79.268       0.000       3.002      -0.000       2.898       0.001       0.005       0.012       0.067      -0.136       0.057      -0.018      -0.035       0.019       0.067      -0.135       0.059      -0.018      -0.032
       12      1.00      29.7       0.467       0.091    2098.480      79.274       0.000       4.002      -0.000       3.898       0.006      -0.016      -0.053      -0.387      -0.125       0.018       0.039      -0.017      -0.045      -0.387      -0.128       0.019       0.039      -0.016
       13      1.00      29.7       0.460       0.086    2098.480      79.305       0.000       5.002      -0.000       4.899       0.002       0.002      -0.021      -0.014      -0.010       0.053      -0.010      -0.030      -0.020      -0.014      -0.011       0.055      -0.010      -0.025
       14      1.00      29.7       0.469       0.077    2098.440      79.303       0.000       6.002      -0.000       5.900       0.001       0.004      -0.017       0.078       0.058       0.034      -0.023      -0.036      -0.023       0.078       0.056       0.037      -0.023      -0.033
       15      1.00      29.7       0.460       0.082    2098.440      79.333       0.000       7.002      -0.000       6.899       0.003      -0.003      -0.028      -0.131      -0.098       0.051       0.008      -0.068      -0.016      -0.131      -0.100       0.059       0.008      -0.061
       16      1.00      29.7       0.466       0.076    2098.430      79.356       0.000       8.002      -0.000       7.901       0.002       0.003      -0.000       0.003       0.179       0.061       0.009      -0.025      -0.025       0.003       0.177       0.064       0.009      -0.016
       17      1.00      29.7       0.466       0.088    2098.420      79.335       0.000       9.002      -0.000       8.900       0.002       0.000      -0.038      -0.032      -0.063       0.041       0.044      -0.036      -0.028      -0.032      -0.068       0.046       0.044      -0.029
       18      1.00      29.7       0.477       0.094    2098.400      79.373       0.000      10.002      -0.000       9.901       0.002       0.003      -0.017       0.019       0.066       0.053      -0.034      -0.052      -0.028       0.019       0.062       0.061      -0.034      -0.042
       19      1.00      29.7       0.469       0.077    2098.390      79.389       0.003      11.002      -0.000      10.902       0.001       0.007       0.038       0.038       0.147       0.052       0.000      -0.036       0.009       0.038       0.152       0.058       0.000      -0.026
       20      1.00      29.7       0.475       0.089    2098.390      79.368      -0.003      12.002      -0.000      11.900      -0.000       0.008      -0.019       0.193      -0.069       0.056      -0.007      -0.031      -0.005       0.193      -0.071       0.061      -0.007      -0.019
       21      1.00      29.7       0.486       0.092    2098.350      79.368       0.000      13.002      -0.000      12.902      -0.001       0.014       0.033       0.261       0.095       0.065       0.010      -0.035       0.011       0.261       0.100       0.071       0.010      -0.020
       22      1.00      29.7       0.482       0.085    2098.340      79.363       0.000      14.002      -0.000      13.902       0.002       0.001      -0.003      -0.044       0.020       0.050      -0.007      -0.026      -0.008      -0.044       0.019       0.055      -0.007      -0.013
       23      1.00      29.7       0.476       0.088    2098.340      79.371      -0.003      15.002      -0.000      14.902       0.003      -0.003       0.012      -0.091      -0.091       0.056       0.011      -0.038       0.035      -0.091      -0.085       0.064       0.011      -0.022
       24      1.00      29.7       0.491       0.105    2098.340      79.368       0.000      16.002      -0.000      15.904       0.000       0.008       0.085       0.132       0.101       0.069      -0.030       0.002       0.054       0.132       0.121       0.066      -0.030       0.020
       25      1.00      29.7       0.489       0.109    2098.290      79.454      -0.003       0.002      -0.000      -0.102      -0.002       0.011       0.062       0.311      -0.081       0.046      -0.044      -0.050       0.062       0.311      -0.081       0.046      -0.044      -0.050
       26      1.00      29.7       0.476       0.089    2098.290      79.464       0.003       0.002      -0.000      -0.103       0.002       0.004       0.017      -0.021      -0.281       0.051       0.039       0.026       0.016      -0.021      -0.281       0.051       0.039       0.026
