# TAMU-AERO402 - Airplane
# Test 1620 Run   13
# Theta Sweep - ATLAS_AlphaSweep - Static Tare [11]
# XML - e8814f562e46d5b8ccd2c18a50731227
# Reduction Date - 2016.11.15	07:51
#
#
#   Point      Qact      Uact          Pt          Ps        Baro        Temp         Phi       Theta         Psi       Alpha        Beta       Gamma          CD          CY          CL          Cl          Cm          Cn         CAB         CYB         CNB         ClB         CmB         CnB
#       -     [psf]    [ft/s]       [psf]       [psf]       [psf]       [deg]       [deg]       [deg]       [deg]       [deg]       [deg]       [deg]     [sq.ft]     [sq.ft]     [sq.ft]     [cu.ft]     [cu.ft]     [cu.ft]     [sq.ft]     [sq.ft]     [sq.ft]     [cu.ft]     [cu.ft]     [cu.ft]
        0      1.00      29.7       0.496       0.085    2097.710      80.711       0.000       0.002      -0.000      -0.101       0.002       0.002       0.087      -0.024       0.052       0.067      -0.064      -0.044       0.087      -0.024       0.052       0.067      -0.064      -0.044
        1      8.75      88.2       9.804       0.315    2097.600      83.086       0.003       0.002      -0.000      -0.038       0.002      -0.133       0.351       0.000       1.094      -0.217      -0.544       0.030       0.352       0.000       1.094      -0.217      -0.544       0.030
        2      8.69      87.8       9.813       0.425    2097.600      82.988      -0.003      -5.998      -0.000      -6.164       0.002      -0.130       0.388      -0.004      -1.086      -0.205      -0.074      -0.001       0.269      -0.004      -1.121      -0.203      -0.074       0.021
        3      8.70      87.9       9.798       0.392    2097.590      83.152       0.003      -4.998      -0.000      -5.144       0.002      -0.076       0.371      -0.004      -0.734      -0.124      -0.157       0.006       0.304      -0.004      -0.764      -0.123      -0.157       0.017
        4      8.71      87.9       9.830       0.389    2097.590      82.920       0.000      -3.998      -0.000      -4.127       0.003      -0.096       0.358      -0.014      -0.441      -0.147      -0.220       0.005       0.325      -0.014      -0.465      -0.147      -0.220       0.015
        5      8.72      88.0       9.824       0.365    2097.590      82.951       0.003      -2.998      -0.000      -3.106       0.005      -0.140       0.344      -0.038      -0.076      -0.210      -0.304       0.014       0.339      -0.038      -0.094      -0.209      -0.304       0.026
        6      8.74      88.1       9.819       0.346    2097.590      82.910      -0.003      -1.998      -0.000      -2.082       0.006      -0.155       0.333      -0.044       0.338      -0.221      -0.390       0.022       0.345      -0.044       0.326      -0.220      -0.390       0.030
        7      8.75      88.1       9.833       0.345    2097.570      82.822      -0.003      -0.998      -0.000      -1.060       0.002      -0.136       0.348      -0.001       0.726      -0.214      -0.469       0.004       0.361      -0.001       0.719      -0.214      -0.469       0.008
        8      8.77      88.2       9.840       0.314    2097.590      82.894       0.000       0.002      -0.000      -0.038       0.005      -0.165       0.352      -0.034       1.094      -0.246      -0.539       0.020       0.353      -0.034       1.094      -0.246      -0.539       0.020
        9      8.73      88.1       9.758       0.296    2097.550      82.915       0.000       1.002      -0.000       0.989       0.005      -0.160       0.362      -0.030       1.565      -0.240      -0.638       0.034       0.334      -0.030       1.571      -0.240      -0.638       0.030
       10      8.72      88.0       9.751       0.286    2097.540      82.932       0.000       2.002      -0.000       2.010       0.007      -0.130       0.380      -0.056       1.936      -0.177      -0.721       0.025       0.312      -0.056       1.948      -0.177      -0.721       0.018
       11      8.74      88.1       9.770       0.278    2097.520      83.046       0.000       3.002      -0.000       3.031       0.007      -0.156       0.400      -0.054       2.286      -0.219      -0.799       0.040       0.279      -0.054       2.304      -0.221      -0.799       0.028
       12      8.75      88.2       9.787       0.279    2097.510      83.024       0.000       4.002      -0.000       4.056       0.007      -0.143       0.428      -0.055       2.702      -0.196      -0.884       0.047       0.236      -0.055       2.726      -0.199      -0.884       0.033
       13      8.75      88.1       9.771       0.257    2097.510      83.002       0.000       5.002      -0.000       5.077       0.012      -0.168       0.452      -0.115       3.064      -0.201      -0.954       0.057       0.179      -0.115       3.092      -0.205      -0.954       0.039
       14      8.77      88.3       9.767       0.227    2097.470      83.054       0.000       6.002      -0.000       6.098       0.010      -0.182       0.482      -0.092       3.418      -0.237      -1.040       0.057       0.116      -0.092       3.450      -0.241      -1.040       0.031
       15      8.76      88.2       9.753       0.197    2097.490      83.196       0.003       7.002      -0.000       7.119       0.013      -0.229       0.524      -0.125       3.769      -0.298      -1.112       0.061       0.053      -0.125       3.805      -0.303      -1.112       0.024
       16      8.70      87.9       9.663       0.193    2097.510      83.158       0.000       8.002      -0.000       8.134       0.012      -0.214       0.554      -0.113       4.055      -0.275      -1.184       0.077      -0.025      -0.113       4.093      -0.283      -1.184       0.038
       17      8.69      87.9       9.666       0.198    2097.510      83.078       0.000       9.002      -0.000       9.151       0.010      -0.191       0.607      -0.094       4.360      -0.249      -1.259       0.070      -0.094      -0.094       4.401      -0.256      -1.259       0.030
       18      8.71      88.0       9.650       0.167    2097.510      83.280       0.000      10.002      -0.000      10.161       0.016      -0.184       0.632      -0.159       4.513      -0.197      -1.330       0.085      -0.174      -0.159       4.553      -0.208      -1.331       0.049
       19      8.71      87.9       9.617       0.143    2097.500      83.127       0.000      11.002      -0.000      11.177       0.010      -0.164       0.697      -0.087       4.783      -0.205      -1.415       0.084      -0.244      -0.087       4.827      -0.217      -1.415       0.043
       20      8.69      87.8       9.580       0.124    2097.470      83.019       0.000      12.002      -0.000      12.184       0.014      -0.172       0.747      -0.128       4.920      -0.194      -1.483       0.082      -0.308      -0.128       4.967      -0.206      -1.483       0.040
       21      8.68      87.8       9.577       0.122    2097.470      82.765       0.000      13.002      -0.000      13.190       0.015      -0.158       0.832      -0.140       5.001      -0.157      -1.540       0.108      -0.331      -0.140       5.059      -0.177      -1.540       0.069
       22      8.70      87.9       9.587       0.112    2097.470      82.760       0.000      14.002      -0.000      14.199       0.009      -0.113       0.914      -0.079       5.133      -0.117      -1.605       0.102      -0.373      -0.079       5.201      -0.138      -1.605       0.071
